main2: 0.8271225024002461
main1: 0.9982133073817762
main: 0.8181818181818182
one_agent: 0.5463636363636364
direct: 0.7790909090909091
