main2: 0.6931362503566219
main1: 0.8809170474121265
