main2: 0.9326497695852536
main1: 0.9526060606060606
