main2: 0.6969565939278937
main1: 0.9424868226860637
