main2: 0.7218343878836248
main1: 0.932113799158759
main: 0.8009090909090909
one_agent: 0.8918181818181818
direct: 0.5236363636363637
