main2: 0.8435577607875996
main1: 0.9150832379985606
