main2: 0.6517991632353312
main1: 0.9929453440341139
