main2: 0.7473886304946428
main1: 0.9120386459363288
