main2: 0.92707277265745
main1: 0.9260395894428153
