main2: 0.8066751833909515
main1: 0.9725094595441296
