main2: 0.4827491669042829
main1: 0.9414752153488511
