main2: 0.7891440454969867
main1: 0.9508193236714976
main: 0.80875
one_agent: 0.945
direct: 0.60625
