main2: 0.8356947627535863
main1: 0.99984477124183
main: 0.9575
one_agent: 0.8625
direct: 0.99125
