main2: 0.9312003013326543
main1: 0.9730903130259907
main: 0.9325
one_agent: 0.96125
direct: 0.855
