main2: 0.9122779429294774
main1: 0.9726841202701817
main: 0.95875
one_agent: 0.93875
direct: 0.90875
