main2: 0.805355105678635
main1: 0.9900439329354931
main: 0.8025
one_agent: 1.0
direct: 0.885
