main2: 0.7096487710082616
main1: 0.9764345814827473
main: 0.697
