main2: 0.8354039555216025
main1: 0.9867066354077864
main: 0.85125
one_agent: 0.78375
direct: 0.94
