main2: 0.898535509897739
main1: 0.9714833901676615
main: 0.93625
one_agent: 0.91375
direct: 0.855
