main2: 0.7368986291486292
main1: 0.9362332338732594
main: 1.0
one_agent: 0.9975
direct: 0.8925
