main2: 0.6418914141414142
main1: 0.9836435646053292
main: 0.84125
one_agent: 1.0
direct: 0.9025
