main2: 0.7811537645361175
main1: 0.9772964347388899
main: 0.905
one_agent: 0.97125
direct: 0.86375
