main2: 0.6611135029118383
main1: 0.9392513401338078
main: 0.73625
one_agent: 0.8185714285714286
direct: 0.67625
