main2: 0.7753299025100651
main1: 0.9705243416616113
main: 0.752
one_agent: 0.458
direct: 0.739
