main2: 0.9522687959539291
main1: 0.9926093006157523
