main2: 0.8115420332355818
main1: 0.9109081348758769
