main2: 0.8194163951934214
main1: 0.9977028329355413
