main2: 0.8598283642880415
main1: 0.9655709559257946
