main2: 0.5432533433009457
main1: 0.9869180655874644
