main2: 0.8735688350993798
main1: 0.9786855536108113
