main2: 0.8545789157079481
main1: 0.9389783026113673
