main2: 0.4986169482536391
main1: 0.9938616797555225
