main2: 0.5115954986107388
main1: 0.9955166076993105
