main2: 0.609061944165442
main1: 0.9928128463768602
