main2: 0.5153763244822632
main1: 0.9783686007313974
