main2: 0.8705169028999674
main1: 0.9056890904794132
