main2: 0.7882899591447979
main1: 0.9428957668675411
