main2: 0.5420681190891772
main1: 0.9978356536644509
