main2: 0.8652028734356554
main1: 0.9243733291717731
