main2: 0.7872213261648746
main1: 0.9551426745297714
