main2: 0.86291768882104
main1: 0.9533079242324018
