main2: 0.781686563023024
main1: 0.9741294137739172
