main2: 0.7534097650715299
main1: 0.9746588875369152
main: 0.626
one_agent: 1.0
direct: 0.866
