main2: 0.8182739386927369
main1: 0.9451967068878834
main: 0.84375
one_agent: 0.88125
direct: 0.835
main2: 0.8258206960476445
main1: 0.9198839126062912
main: 0.815
one_agent: 0.96625
direct: 0.725
