main2: 0.7660373986452865
main1: 0.9622733661905017
main: 0.93
one_agent: 0.9425
direct: 0.8525
main2: 0.9911064840956145
main1: 0.9481642905545717
main: 0.9925
one_agent: 0.90875
direct: 0.88125
