main2: 0.922209318926239
main1: 0.9367386571797058
main: 0.97375
one_agent: 0.91375
direct: 0.9475
