main2: 0.8597999537516969
main1: 0.9644585448226113
main: 0.80625
one_agent: 0.91125
direct: 0.91125
