main2: 0.8119777883832264
main1: 0.9063300022370354
main: 0.92
one_agent: 0.9975
direct: 0.845
main2: 0.868738472466397
main1: 0.9383656819026385
main: 0.81625
one_agent: 0.8425
direct: 0.90375
