main2: 0.7181429025046056
main1: 0.9300287979838384
main: 0.726
one_agent: 0.382
direct: 0.723
