main2: 0.8830192495676367
main1: 0.9617478878648235
