main2: 0.6340836927329307
main1: 0.988141086101813
