main2: 0.6949544632186655
main1: 0.9249888995769859
