main2: 0.9606987926500024
main1: 0.9015184196874759
