main2: 0.7491394601788008
main1: 0.9226681546402346
