main2: 0.5022695640546049
main1: 0.9906206857400819
