main2: 0.8209651759530792
main1: 0.9352720988688732
