main2: 0.6147020785082725
main1: 0.9312598213267872
