main2: 0.9238846529814273
main1: 0.9364701642443578
